1.279250059990836262e-02
6.846242419862271465e-03
4.212753920204813096e-01
-2.254565819066978727e-01
2.198393847298576176e-01
-3.034060099475911765e-02
3.094583802959741461e-02
4.270914992134907003e-03
1.893689128374620445e-02
1.649715115081434522e-02
2.081351515329547819e-01
-1.813199961486781087e-01
3.826497458113078953e-01
3.380527295417276590e-02
1.797729229018817446e-02
-1.588207700382047180e-03
-1.092268907056908461e-02
1.040675552405239367e-02
-3.326967870961969886e-01
-3.169818443589044188e-01
-4.154894561124138075e-02
2.269821926986432259e-01
-5.409599904673466526e-03
-2.955268370644155429e-02
-2.245264163177965872e-02
1.333551416707824677e-02
-2.282509441515811754e-01
-1.355672864378737463e-01
-1.578609472204265396e-01
3.669065439722293820e-01
-6.859712990256603728e-03
-1.594361132511176032e-02
